 N                   | h                  | trapezio           | simpsons           | boole              | 
|       12.0000000000|        0.0833333333|       -0.0156162369|       -0.0156162369|       -0.0156162369|
|       24.0000000000|        0.0416666667|        0.6402956693|        0.5936051778|        0.2379200365|
|       48.0000000000|        0.0208333333|        0.8469563986|        0.7855549513|        0.3178027017|
|       96.0000000000|        0.0104166667|        0.9014970941|        0.8362132171|        0.3388848692|
|      192.0000000000|        0.0052083333|        0.9153110875|        0.8490438740|        0.3442245320|
|      384.0000000000|        0.0026041667|        0.9187752733|        0.8522614648|        0.3455635788|
|      768.0000000000|        0.0013020833|        0.9196419225|        0.8530664224|        0.3458985735|
|     1536.0000000000|        0.0006510417|        0.9198586143|        0.8532676892|        0.3459823336|
|     3072.0000000000|        0.0003255208|        0.9199127881|        0.8533180067|        0.3460032739|
|     6144.0000000000|        0.0001627604|        0.9199263315|        0.8533305860|        0.3460085090|
 EXATO               | 0.0156162369
