   6.3465483256647319       0.10000000000000001     
   6.2984616284898820       0.20000000000000001     
   6.3376215032457761       0.30000000000000004     
   6.3461461023772037       0.40000000000000002     
   6.3940460487338733       0.50000000000000000     
   6.4271160673858905       0.60000000000000009     
   6.4892824281319408       0.70000000000000007     
   6.5437457202922600       0.80000000000000004     
   6.6232913265917812       0.90000000000000002     
   6.6996441885752880        1.0000000000000000     
   6.7996145808966908        1.1000000000000001     
   6.9000058915571421        1.2000000000000002     
   7.0241292346182638        1.3000000000000000     
   7.1521796526935848        1.4000000000000001     
   7.3054422631148448        1.5000000000000000     
   7.4666065454381600        1.6000000000000001     
   7.6560136080342955        1.7000000000000002     
   7.8584253467741521        1.8000000000000000     
   8.0942661187044926        1.9000000000000001     
   8.3503859587519038        2.0000000000000000     
   8.6486126293964531        2.1000000000000001     
   8.9785843359666124        2.2000000000000002     
   9.3658288716780103        2.3000000000000003     
   9.8051051913840919        2.4000000000000004     
   10.330947395609474        2.5000000000000000     
   10.950905822832414        2.6000000000000001     
   11.725350050773125        2.7000000000000002     
   12.707613310955955        2.8000000000000003     
   14.071531692561983        2.9000000000000004     
   16.199206529027634        3.0000000000000000     
