   314.36000000001320       0.10000000000000001     
   314.96000000001351       0.20000000000000001     
   315.92000000001400       0.30000000000000004     
   317.32000000001472       0.40000000000000002     
   319.16000000001566       0.50000000000000000     
   321.36000000001678       0.60000000000000009     
   324.08000000001817       0.70000000000000007     
   327.20000000001977       0.80000000000000004     
   330.84000000002163       0.90000000000000002     
   335.00000000002376        1.0000000000000000     
   339.72000000002618        1.1000000000000001     
   345.04000000002890        1.2000000000000002     
   350.96000000003193        1.3000000000000000     
   357.64000000003534        1.4000000000000001     
   365.08000000003915        1.5000000000000000     
   373.36000000004339        1.6000000000000001     
   382.60000000004811        1.7000000000000002     
   392.92000000005339        1.8000000000000000     
   404.52000000005933        1.9000000000000001     
   417.52000000006598        2.0000000000000000     
   432.20000000007349        2.1000000000000001     
   448.92000000008204        2.2000000000000002     
   468.04000000009182        2.3000000000000003     
   490.20000000010316        2.4000000000000004     
   516.20000000011044        2.5000000000000000     
   547.36000000008210        2.6000000000000001     
   585.72000000004721        2.7000000000000002     
   634.92000000000246        2.8000000000000003     
   702.35999999994112        2.9000000000000004     
   807.83999999984519        3.0000000000000000     
