   6.2871122979965737       0.10000000000000001     
   6.2988932704475351       0.20000000000000001     
   6.3185282245324714       0.30000000000000004     
   6.3460171602513817       0.40000000000000002     
   6.3813600776042669       0.50000000000000000     
   6.4245569765911270       0.60000000000000009     
   6.4756078572119602       0.70000000000000007     
   6.5345127194667700       0.80000000000000004     
   6.6012715633555521       0.90000000000000002     
   6.6758843888783108        1.0000000000000000     
   6.7583511960350426        1.1000000000000001     
   6.8486719848257493        1.2000000000000002     
   6.9468467552504309        1.3000000000000000     
   7.0528755073090856        1.4000000000000001     
   7.1667582410017152        1.5000000000000000     
   7.2884949563283206        1.6000000000000001     
   7.4180856532888990        1.7000000000000002     
   7.5555303318834532        1.8000000000000000     
   7.7008289921119806        1.9000000000000001     
   7.8539816339744828        2.0000000000000000     
   8.0149882574709590        2.1000000000000001     
   8.1838488626014119        2.2000000000000002     
   8.3605634493658361        2.3000000000000003     
   8.5451320177642387        2.4000000000000004     
   8.7375545677966127        2.5000000000000000     
   8.9378310994629615        2.6000000000000001     
   9.1459616127632852        2.7000000000000002     
   9.3619461076975856        2.8000000000000003     
   9.5857845842658573        2.9000000000000004     
   9.8174770424681039        3.0000000000000000     
