           1   1.38377666    
           2   1.40419436    
           3   1.46316075    
           4   1.45167184    
           5   1.47003353    
           6   1.46946239    
           7   1.46980548    
           8   1.47057486    
           9   1.46900630    
          10   1.46765471    
          11   1.46256554    
          12   1.46814132    
          13   1.46769214    
          14   1.46371877    
          15   1.46192551    
          16   1.48991513    
          17   1.48472238    
          18   1.48416829    
          19   1.46712828    
          20   1.46152580    
          21   1.49310577    
          22   1.52804589    
          23   1.52880049    
          24   1.48785400    
          25   1.50678873    
          26   1.55128753    
          27   1.55465388    
          28   1.58278620    
          29   1.57193685    
          30   1.62650299    
          31   1.56831074    
          32   1.63349342    
          33   1.59215117    
          34   1.70237672    
          35   1.68995309    
          36   1.70465875    
          37   1.73723245    
          38   1.83020008    
          39   1.73188055    
          40   1.75514495    
          41   1.78697538    
          42   1.81290197    
          43   1.79018772    
          44   1.82467616    
          45   1.84803772    
          46   1.86852121    
          47   1.94374979    
          48   1.87025428    
          49   1.93878853    
          50   1.88803220    
          51   1.98645222    
          52   1.98605788    
          53   1.95666814    
          54   2.05035567    
          55   2.01343060    
          56   2.02412152    
          57   2.03477144    
          58   2.14187312    
          59   1.99844110    
          60   2.11195731    
          61   2.09275699    
          62   2.04894757    
          63   2.08197403    
          64   2.14325070    
          65   2.19911814    
          66   2.14760137    
          67   2.23950958    
          68   2.14052939    
          69   2.19994116    
          70   2.24423790    
          71   2.24508142    
          72   2.27481627    
          73   2.23740840    
          74   2.32618594    
          75   2.22263694    
          76   2.36919069    
          77   2.37970805    
          78   2.33372593    
          79   2.32494450    
          80   2.37240028    
          81   2.34742880    
          82   2.37289095    
          83   2.41230226    
          84   2.46756649    
          85   2.36709118    
          86   2.46705437    
          87   2.44776154    
          88   2.42405105    
          89   2.51416802    
          90   2.46608949    
          91   2.44125795    
          92   2.49975872    
          93   2.45569301    
          94   2.55722880    
          95   2.56431723    
          96   2.57134223    
          97   2.56581402    
          98   2.54658985    
          99   2.52810907    
         100   2.58499670    
         101   2.57003880    
         102   2.60661864    
         103   2.54409933    
         104   2.58446407    
         105   2.51940227    
         106   2.65433478    
         107   2.61383867    
         108   2.71734738    
         109   2.67328644    
         110   2.73512053    
         111   2.63443804    
         112   2.65718365    
         113   2.65310073    
         114   2.76562047    
         115   2.70414376    
         116   2.72012496    
         117   2.73244476    
         118   2.77586699    
         119   2.68332005    
         120   2.75395083    
         121   2.74004245    
         122   2.82720685    
         123   2.77624345    
         124   2.79104686    
         125   2.77600694    
         126   2.82701540    
         127   2.78451109    
         128   2.80263090    
         129   2.72302437    
         130   2.82010746    
         131   2.86575341    
         132   2.85251427    
         133   2.87649965    
         134   2.94747114    
         135   2.81358242    
         136   2.86756372    
         137   2.93732667    
         138   2.90380597    
         139   2.85459185    
         140   2.89367366    
         141   2.94465280    
         142   2.94253683    
         143   2.94592071    
         144   2.93055654    
         145   2.87212896    
         146   3.02577972    
         147   2.89118075    
         148   2.95772195    
         149   2.92385411    
         150   2.99397969    
         151   3.00336432    
         152   2.95361638    
         153   2.94723701    
         154   2.96672559    
         155   3.00621414    
         156   3.05462551    
         157   2.99023533    
         158   3.12744474    
         159   3.00446391    
         160   2.97693443    
         161   3.04589987    
         162   3.11145329    
         163   3.06740284    
         164   3.05801320    
         165   3.11737776    
         166   3.17633533    
         167   3.07794523    
         168   3.17932940    
         169   3.03533626    
         170   3.11296988    
         171   3.09999847    
         172   3.22197223    
         173   3.09810019    
         174   3.23387241    
         175   3.15347290    
         176   3.18153596    
         177   3.08580995    
         178   3.16679645    
         179   3.24294162    
         180   3.25755835    
         181   3.17500401    
         182   3.18726897    
         183   3.20696855    
         184   3.28924870    
         185   3.24640989    
         186   3.23778152    
         187   3.19101381    
         188   3.26295733    
         189   3.24761963    
         190   3.29376173    
         191   3.20118761    
         192   3.25344253    
         193   3.22486377    
         194   3.32794881    
         195   3.23053718    
         196   3.27528143    
         197   3.21519756    
         198   3.31548905    
         199   3.27958131    
         200   3.33230138    
         201   3.27054501    
         202   3.20773220    
         203   3.25482392    
         204   3.39157414    
         205   3.28260303    
         206   3.22906613    
         207   3.31960201    
         208   3.29400349    
         209   3.31608939    
         210   3.45142388    
         211   3.29698634    
         212   3.29641557    
         213   3.29971051    
         214   3.33974409    
         215   3.27628946    
         216   3.31687808    
         217   3.34158874    
         218   3.33152628    
         219   3.40077543    
         220   3.34871626    
         221   3.43679309    
         222   3.33047676    
         223   3.35684633    
         224   3.38625026    
         225   3.39756584    
         226   3.43895030    
         227   3.40320539    
         228   3.40908933    
         229   3.36887336    
         230   3.48465776    
         231   3.47657108    
         232   3.50824952    
         233   3.36762118    
         234   3.47970009    
         235   3.38083005    
         236   3.43687677    
         237   3.52004480    
         238   3.45557094    
         239   3.50415397    
         240   3.45622373    
         241   3.51027608    
         242   3.50745893    
         243   3.50421286    
         244   3.54348922    
         245   3.42215061    
         246   3.57196259    
         247   3.51049900    
         248   3.57400703    
         249   3.52376413    
         250   3.63842010    
         251   3.54608655    
         252   3.61872172    
         253   3.56797481    
         254   3.44564128    
         255   3.52585602    
         256   3.52279687    
         257   3.65181255    
         258   3.53855205    
         259   3.53837156    
         260   3.45650411    
         261   3.51502419    
         262   3.66081333    
         263   3.67017078    
         264   3.59758449    
         265   3.56212091    
         266   3.61975431    
         267   3.54896116    
         268   3.60299063    
         269   3.61506224    
         270   3.67751098    
         271   3.65372539    
         272   3.58966208    
         273   3.60531616    
         274   3.45804334    
         275   3.65502429    
         276   3.56284785    
         277   3.63198280    
         278   3.64741826    
         279   3.66639805    
         280   3.64076853    
         281   3.64977860    
         282   3.73057008    
         283   3.66788197    
         284   3.63904381    
         285   3.69450641    
         286   3.73177171    
         287   3.70416045    
         288   3.69055295    
         289   3.73720288    
         290   3.67558122    
         291   3.63870239    
         292   3.67882895    
         293   3.67896986    
         294   3.79569983    
         295   3.71695924    
         296   3.70849395    
         297   3.70338058    
         298   3.76918268    
         299   3.73443747    
         300   3.63879442    
         301   3.67927003    
         302   3.73343492    
         303   3.72195864    
         304   3.76742816    
         305   3.76322389    
         306   3.66107607    
         307   3.67541814    
         308   3.75656223    
         309   3.78076053    
         310   3.79851770    
         311   3.74173260    
         312   3.73760414    
         313   3.87728190    
         314   3.76320839    
         315   3.74570560    
         316   3.79045510    
         317   3.86202598    
         318   3.78757262    
         319   3.78564930    
         320   3.89579940    
         321   3.74654174    
         322   3.84954810    
         323   3.75731683    
         324   3.83492684    
         325   3.74524140    
         326   3.79905796    
         327   3.81342626    
         328   3.77275920    
         329   3.84773111    
         330   3.87592602    
         331   3.78755116    
         332   3.84306860    
         333   3.84905601    
         334   3.83070827    
         335   3.87243128    
         336   3.82708287    
         337   3.85029006    
         338   3.90298128    
         339   3.72168279    
         340   3.84956765    
         341   3.74151969    
         342   3.87588000    
         343   3.90294600    
         344   3.94641137    
         345   3.84788275    
         346   3.87513876    
         347   3.90539694    
         348   3.88297796    
         349   3.96247339    
         350   3.84885931    
         351   3.85352349    
         352   4.02555132    
         353   3.86420202    
         354   3.88425112    
         355   3.91928220    
         356   3.94940495    
         357   3.85461831    
         358   4.01209116    
         359   3.80458331    
         360   3.84448314    
         361   3.89872956    
         362   3.97981286    
         363   3.88909507    
         364   4.07489109    
         365   4.02073145    
         366   3.98491025    
         367   3.94655228    
         368   3.99398637    
         369   3.93910170    
         370   4.01539850    
         371   3.87873173    
         372   3.97327876    
         373   3.90435386    
         374   4.08148575    
         375   3.88860893    
         376   3.96586752    
         377   4.07407999    
         378   3.95650172    
         379   3.96507549    
         380   3.93396831    
         381   3.98129630    
         382   3.99987435    
         383   3.99052811    
         384   3.91481137    
         385   3.93155861    
         386   4.10257196    
         387   4.00733328    
         388   3.98444533    
         389   4.00205231    
         390   4.01567745    
         391   3.99041867    
         392   4.11950922    
         393   3.98572206    
         394   4.13145733    
         395   4.06487274    
         396   4.06605721    
         397   4.06414366    
         398   4.10460758    
         399   3.94256210    
         400   4.04563284    
         401   4.03412962    
         402   4.00470161    
         403   4.04426050    
         404   4.14643955    
         405   3.99105954    
         406   4.05520821    
         407   4.04538822    
         408   4.09289217    
         409   4.02180290    
         410   4.05813456    
         411   4.03197289    
         412   4.13700771    
         413   4.04212379    
         414   4.23249722    
         415   4.09605694    
         416   4.08762836    
         417   4.08716774    
         418   4.16738415    
         419   4.03945827    
         420   4.09921217    
         421   4.04254293    
         422   4.17699480    
         423   4.05637789    
         424   4.18139267    
         425   4.09480476    
         426   4.14888954    
         427   4.11900568    
         428   4.14779758    
         429   4.08857059    
         430   4.21084213    
         431   4.06894159    
         432   4.22038364    
         433   4.10401058    
         434   4.30020666    
         435   4.03222132    
         436   4.12549496    
         437   4.08926058    
         438   4.15704155    
         439   4.03482342    
         440   4.12528992    
         441   4.12717533    
         442   4.03347540    
         443   4.13956928    
         444   4.16743946    
         445   4.17854738    
         446   4.20334911    
         447   4.25115395    
         448   4.21443748    
         449   4.15530968    
         450   4.12616587    
         451   4.12917280    
         452   4.30620193    
         453   4.17434549    
         454   4.13608456    
         455   4.16471434    
         456   4.20883179    
         457   4.17002535    
         458   4.24098301    
         459   4.12344694    
         460   4.18526840    
         461   4.17581558    
         462   4.17368555    
         463   4.28215265    
         464   4.35509968    
         465   4.23781872    
         466   4.28147459    
         467   4.27568531    
         468   4.24255419    
         469   4.09153175    
         470   4.33379841    
         471   4.28201675    
         472   4.19090891    
         473   4.11401701    
         474   4.18966389    
         475   4.17624807    
         476   4.22905159    
         477   4.27117205    
         478   4.11863899    
         479   4.19208193    
         480   4.27980757    
         481   4.26083517    
         482   4.27917242    
         483   4.25991011    
         484   4.39140940    
         485   4.14998293    
         486   4.29355574    
         487   4.19177628    
         488   4.35792732    
         489   4.22511673    
         490   4.23648977    
         491   4.24853182    
         492   4.34994555    
         493   4.30804443    
         494   4.37050056    
         495   4.21340609    
         496   4.20075369    
         497   4.24451113    
         498   4.27191496    
         499   4.23043966    
         500   4.38921642    
         501   4.23799896    
         502   4.37425709    
         503   4.19387913    
         504   4.35844994    
         505   4.30616570    
         506   4.27393913    
         507   4.35856676    
         508   4.29490042    
         509   4.41029930    
         510   4.41002703    
         511   4.28066635    
         512   4.23321676    
         513   4.28238153    
         514   4.34024763    
         515   4.37557840    
         516   4.25107718    
         517   4.26340628    
         518   4.35867977    
         519   4.30194187    
         520   4.24845839    
         521   4.40841722    
         522   4.45014858    
         523   4.29340363    
         524   4.45840740    
         525   4.21777725    
         526   4.39993382    
         527   4.37041903    
         528   4.39663982    
         529   4.34651089    
         530   4.33130074    
         531   4.35929632    
         532   4.45402002    
         533   4.33763170    
         534   4.32677889    
         535   4.35106134    
         536   4.31875610    
         537   4.28411293    
         538   4.51818085    
         539   4.39774323    
         540   4.42319822    
         541   4.37439537    
         542   4.38157606    
         543   4.39877033    
         544   4.38330841    
         545   4.44242907    
         546   4.48958683    
         547   4.44056463    
         548   4.37017012    
         549   4.38569069    
         550   4.46911573    
         551   4.30265522    
         552   4.36423111    
         553   4.31792784    
         554   4.38066864    
         555   4.33598423    
         556   4.53950214    
         557   4.32390070    
         558   4.45537996    
         559   4.36373281    
         560   4.49227524    
         561   4.49458313    
         562   4.41598940    
         563   4.43687391    
         564   4.49066401    
         565   4.38744259    
         566   4.45167065    
         567   4.31784725    
         568   4.43601894    
         569   4.50918579    
         570   4.44768000    
         571   4.47062778    
         572   4.44186449    
         573   4.34413576    
         574   4.62833214    
         575   4.46425152    
         576   4.52931929    
         577   4.38401937    
         578   4.45186806    
         579   4.43362141    
         580   4.44028282    
         581   4.47846317    
         582   4.62162590    
         583   4.49881601    
         584   4.46167898    
         585   4.38518381    
         586   4.42765379    
         587   4.45684481    
         588   4.48397923    
         589   4.37726593    
         590   4.52395773    
         591   4.41899252    
         592   4.52385330    
         593   4.53873968    
         594   4.47671223    
         595   4.50795794    
         596   4.52184200    
         597   4.45945168    
         598   4.36028528    
         599   4.44201803    
         600   4.50917912    
         601   4.49517202    
         602   4.60067558    
         603   4.46524191    
         604   4.57717323    
         605   4.40608120    
         606   4.58722448    
         607   4.45673943    
         608   4.55840397    
         609   4.50061369    
         610   4.51061964    
         611   4.44756222    
         612   4.55484962    
         613   4.52630520    
         614   4.57736254    
         615   4.52918768    
         616   4.66842985    
         617   4.46148825    
         618   4.60529327    
         619   4.50667572    
         620   4.51435614    
         621   4.58237600    
         622   4.58525181    
         623   4.46568298    
         624   4.56166983    
         625   4.47348118    
         626   4.68548822    
         627   4.51112843    
         628   4.55859327    
         629   4.55502701    
         630   4.60728884    
         631   4.52531719    
         632   4.54719114    
         633   4.53181458    
         634   4.55478764    
         635   4.53515959    
         636   4.54338264    
         637   4.45690870    
         638   4.58406496    
         639   4.59330034    
         640   4.61539030    
         641   4.59119844    
         642   4.52341795    
         643   4.49248219    
         644   4.55225658    
         645   4.59287357    
         646   4.56245661    
         647   4.57399321    
         648   4.73552465    
         649   4.59737730    
         650   4.67542839    
         651   4.56190300    
         652   4.63532543    
         653   4.59451675    
         654   4.69551325    
         655   4.42757463    
         656   4.60447502    
         657   4.60598898    
         658   4.60860538    
         659   4.50885630    
         660   4.63665009    
         661   4.69666433    
         662   4.76656532    
         663   4.67012453    
         664   4.70307112    
         665   4.60886145    
         666   4.75515509    
         667   4.58194017    
         668   4.63358831    
         669   4.54400015    
         670   4.72472763    
         671   4.60800886    
         672   4.57074213    
         673   4.64211273    
         674   4.66261578    
         675   4.58134794    
         676   4.77885962    
         677   4.59644747    
         678   4.64407778    
         679   4.68928814    
         680   4.77060556    
         681   4.51222754    
         682   4.62620354    
         683   4.56592083    
         684   4.66541386    
         685   4.59539747    
         686   4.54143810    
         687   4.63227129    
         688   4.69894838    
         689   4.56869364    
         690   4.66278696    
         691   4.58538437    
         692   4.72686195    
         693   4.55894184    
         694   4.68964481    
         695   4.59545326    
         696   4.54062080    
         697   4.66475964    
         698   4.79179430    
         699   4.67577219    
         700   4.79273510    
         701   4.56380177    
         702   4.65512657    
         703   4.77009058    
         704   4.84245968    
         705   4.58776045    
         706   4.67612171    
         707   4.64403009    
         708   4.62334871    
         709   4.62016010    
         710   4.65746069    
         711   4.69901180    
         712   4.63043070    
         713   4.62100506    
         714   4.63873243    
         715   4.76856756    
         716   4.80385971    
         717   4.64143515    
         718   4.61189604    
         719   4.67962074    
         720   4.73682976    
         721   4.63112974    
         722   4.74948406    
         723   4.66261435    
         724   4.64916992    
         725   4.59756565    
         726   4.77301550    
         727   4.61885881    
         728   4.77174950    
         729   4.62859631    
         730   4.76038361    
         731   4.70059729    
         732   4.82989264    
         733   4.67646170    
         734   4.78155136    
         735   4.67913151    
         736   4.82103348    
         737   4.59067249    
         738   4.87156534    
         739   4.70733833    
         740   4.70505333    
         741   4.59954166    
         742   4.83162403    
         743   4.64098072    
         744   4.73008633    
         745   4.68566942    
         746   4.82830095    
         747   4.70887804    
         748   4.76497269    
         749   4.72787380    
         750   4.72608185    
         751   4.78532934    
         752   4.78348112    
         753   4.68789959    
         754   4.82254314    
         755   4.73204994    
         756   4.77156734    
         757   4.68469620    
         758   4.76739311    
         759   4.70652676    
         760   4.80519009    
         761   4.75574207    
         762   4.69954252    
         763   4.75522423    
         764   4.79706192    
         765   4.73197126    
         766   4.83201170    
         767   4.86974287    
         768   4.72709608    
         769   4.69859695    
         770   4.81644344    
         771   4.75616598    
         772   4.68628502    
         773   4.72918606    
         774   4.74314117    
         775   4.69560003    
         776   4.79187679    
         777   4.70471287    
         778   4.79442549    
         779   4.75719500    
         780   4.66483021    
         781   4.74708176    
         782   4.70917845    
         783   4.74212170    
         784   4.84840965    
         785   4.82252979    
         786   4.78793049    
         787   4.83034134    
         788   5.02555847    
         789   4.66937780    
         790   4.77554846    
         791   4.79756546    
         792   4.82905912    
         793   4.74003887    
         794   4.67314005    
         795   4.68894100    
         796   4.94213629    
         797   4.85830736    
         798   4.78406811    
         799   4.88149691    
         800   4.85359859    
         801   4.88297415    
         802   5.01781702    
         803   4.73101234    
         804   4.79200888    
         805   4.77843714    
         806   4.93366432    
         807   4.80628157    
         808   4.96058512    
         809   4.78858757    
         810   4.97394753    
         811   4.75902271    
         812   4.87564993    
         813   4.81358957    
         814   4.87981033    
         815   4.81593990    
         816   4.80281401    
         817   4.83677769    
         818   4.87004232    
         819   4.77131605    
         820   4.76680660    
         821   4.79564381    
         822   4.92622042    
         823   4.75474930    
         824   4.72535706    
         825   4.83909416    
         826   4.74796391    
         827   4.78695011    
         828   4.93929482    
         829   4.78030825    
         830   4.91382170    
         831   4.83742619    
         832   4.99756336    
         833   4.79988718    
         834   4.89311790    
         835   4.83424377    
         836   5.00556421    
         837   4.86807775    
         838   4.86146832    
         839   4.73794270    
         840   4.79569054    
         841   4.77552319    
         842   4.85486269    
         843   4.81226015    
         844   4.91119719    
         845   4.81092882    
         846   4.82997704    
         847   4.87505722    
         848   4.87007761    
         849   4.89587784    
         850   5.00447083    
         851   4.86487913    
         852   5.01142073    
         853   4.95278168    
         854   5.00989437    
         855   4.88841581    
         856   4.89990091    
         857   4.86400843    
         858   4.99628401    
         859   4.72796583    
         860   4.98361301    
         861   4.83770847    
         862   4.99970436    
         863   4.94858742    
         864   4.98998785    
         865   4.88008881    
         866   4.90651464    
         867   4.91706848    
         868   4.82492924    
         869   4.88101339    
         870   5.00966311    
         871   4.85709095    
         872   5.03855848    
         873   4.91987181    
         874   5.04035854    
         875   4.82833242    
         876   4.82171869    
         877   4.82633591    
         878   4.95841503    
         879   4.91037846    
         880   4.97188663    
         881   4.81826258    
         882   4.93781900    
         883   4.90475655    
         884   4.90357685    
         885   5.00137234    
         886   4.82691622    
         887   4.96306992    
         888   4.96461391    
         889   4.96059656    
         890   4.96642685    
         891   4.97607803    
         892   4.93271685    
         893   4.96030426    
         894   4.86214447    
         895   4.88694906    
         896   4.99533653    
         897   4.91004276    
         898   4.78970671    
         899   4.96889925    
         900   4.90809345    
         901   4.84125471    
         902   4.98376083    
         903   4.82551336    
         904   5.04645205    
         905   4.96236706    
         906   5.10619211    
         907   5.00786543    
         908   5.01507139    
         909   4.94843149    
         910   5.02391100    
         911   4.87182570    
         912   4.98564053    
         913   5.05255461    
         914   4.96350384    
         915   4.90188789    
         916   4.88282537    
         917   4.90651894    
         918   4.91442919    
         919   4.92252254    
         920   5.01363754    
         921   5.02809429    
         922   4.90339708    
         923   4.93218517    
         924   4.90881634    
         925   5.01331711    
         926   5.00802755    
         927   4.94873333    
         928   5.03350925    
         929   4.97997475    
         930   4.98681831    
         931   4.94017029    
         932   4.96881723    
         933   5.01785946    
         934   4.99308872    
         935   4.97664595    
         936   5.06358957    
         937   4.95375109    
         938   5.07214499    
         939   4.94987917    
         940   4.93768215    
         941   5.01230478    
         942   5.02451849    
         943   4.95647860    
         944   5.07734823    
         945   4.93690109    
         946   4.94401646    
         947   4.94503832    
         948   5.06093168    
         949   4.92497730    
         950   5.05370665    
         951   4.89764977    
         952   4.99923944    
         953   4.98266888    
         954   5.06367350    
         955   4.95536470    
         956   5.03714085    
         957   4.93149042    
         958   5.15577030    
         959   5.08966589    
         960   4.89669657    
         961   4.98285103    
         962   5.17357874    
         963   4.94132710    
         964   5.13697290    
         965   5.00163269    
         966   5.05001402    
         967   5.06123257    
         968   5.06831026    
         969   5.02811623    
         970   5.07584810    
         971   5.04719210    
         972   4.94842005    
         973   5.02170897    
         974   4.96512890    
         975   4.98025703    
         976   5.10020542    
         977   4.98864079    
         978   5.01576948    
         979   4.98865700    
         980   5.03088570    
         981   4.96453142    
         982   4.99121857    
         983   5.09367704    
         984   5.12904978    
         985   4.93287945    
         986   5.13052225    
         987   5.23977423    
         988   5.11401558    
         989   5.15398836    
         990   5.01896095    
         991   5.11717510    
         992   5.11475372    
         993   5.03774214    
         994   5.10140991    
         995   5.04560566    
         996   5.01449823    
         997   5.05827332    
         998   5.03072309    
         999   4.94672394    
        1000   5.07528019    
