 h                   | dsim3              | dfr2               | dtr2               | dsim5              | d2sim5             | d3ansim5           |
|        0.5000000000|        0.0000000000|        0.0000000000|        0.0000000000|        0.0000000000|        0.0000000000|        0.0000000000|
|        0.2000000030|        0.0000000000|        0.0000000000|        0.0000000000|        0.0000000000|        0.0000000000|        0.0000000000|
|        0.1000000015|        0.0000000000|        0.0000000000|        0.0000000000|        0.0000000000|        0.0000000000|        0.0000000000|
|        0.0500000007|        0.0000000000|        0.0000000000|        0.0000000000|        0.0000000000|        0.0000000000|        0.0000000000|
|        0.0099999998|        0.0000000000|        0.0000000000|        0.0000000000|        0.0000000000|        0.0000000000|        0.0000000000|
|        0.0049999999|        0.0000000000|        0.0000000000|        0.0000000000|        0.0000000000|        0.0000000000|        0.0000000000|
|        0.0010000000|        0.0000000000|        0.0000000000|        0.0000000000|        0.0000000000|        0.0000000000|        0.0000000000|
|        0.0005000000|        0.0000000000|        0.0000000000|        0.0000000000|        0.0000000000|        0.0000000000|        0.0000000000|
|        0.0001000000|        0.0000000000|        0.0000000000|        0.0000000000|        0.0000000000|        0.0000000000|        0.0000000000|
|        0.0000500000|        0.0000000000|        0.0000000000|        0.0000000000|        0.0000000000|        0.0000000000|        0.0000000000|
|        0.0000100000|        0.0000000000|        0.0000000000|        0.0000000000|        0.0000000000|        0.0000000000|        0.0000000000|
|        0.0000010000|        0.0000000000|        0.0000000000|        0.0000000000|        0.0000000000|        0.0000000000|        0.0000000000|
|        0.0000001000|        0.0000000000|        0.0000000000|        0.0000000000|        0.0000000000|        0.0000000000|        0.0000000000|
|        0.0000000100|        0.0000000000|        0.0000000000|        0.0000000000|        0.0000000000|        0.0000000000|        0.0000000000|
