  |      Busca Direta                                            |        Newton                                                |       Secante                                                |
 i| r1                 | r2                 | r3                 |   r1               | r2                 | r3                 | r1                 | r2                 | r3                 |
 0|       -7.0000000000|        2.0000000000|        9.0000000000|       -7.8691588785|        2.1355932203|       11.3750000000|       -7.2974242222|        2.0005838377|        8.1153989792|
 1|       -7.0000000000|        2.0000000000|        9.0000000000|       -7.1064656635|        1.9993308447|        9.6572033064|       -7.0388156983|        1.9999973033|        8.6583527562|
 2|       -7.0000000000|        2.0000000000|        9.0000000000|       -7.0019134453|        1.9999999858|        9.0731693577|       -7.0019179385|        2.0000000000|        9.0774196455|
 3|       -7.0000000000|        2.0000000000|        9.0000000000|       -7.0000006353|        2.0000000000|        9.0010739975|       -7.0000128547|        2.0000000000|        8.9943277550|
 4|       -7.0000000000|        2.0000000000|        9.0000000000|       -7.0000000000|        2.0000000000|        9.0000002368|       -7.0000000043|        2.0000000000|        8.9999108554|
 5|       -7.0000000000|        2.0000000000|        9.0000000000|       -7.0000000000|        2.0000000000|        9.0000000000|       -7.0000000000|                 NaN|        9.0000001039|
 6|       -7.0000000000|        2.0000000000|        9.0000000000|       -7.0000000000|        2.0000000000|        9.0000000000|       -7.0000000000|                 NaN|        9.0000000000|
 EXT|     -7.0000000000|        2.0000000000|        9.0000000000|



